Input Matrix:
[[-1.05327784 -1.52514851]
 [-1.15427326 -1.63669976]
 [-0.77614321 -0.27192839]
 [-1.39725873 -1.37222178]
 [-0.43275423 -0.71180799]
 [ 0.36791474  0.16035139]
 [-0.62683434  0.2692529 ]
 [-0.08187465  0.73112803]
 [-0.32592173 -1.16427876]
 [ 0.44190604  0.22068693]
 [-0.5602329  -0.17368193]
 [-0.23015493  0.51436157]
 [ 1.36048579 -0.25169782]
 [ 0.39393455  0.18988241]
 [-1.12746565  0.43049151]
 [ 0.37459467 -0.72061083]
 [-1.12043209 -0.75723674]
 [-0.43719234 -1.40137091]
 [-0.23279108 -0.48001267]
 [ 0.19189515 -0.15130048]
 [-0.73500182 -0.96656475]
 [-0.051041   -0.36162415]
 [ 0.84997416 -0.67956683]
 [-1.83813945 -0.73543868]
 [-1.23198857  0.16326425]
 [ 0.42955969  0.19071943]
 [-0.65943686  0.43708275]
 [-0.47236228 -1.22023169]
 [ 0.23134149 -0.51609533]
 [ 1.18154264  0.07106786]
 [-1.39666475 -1.37496123]
 [-1.10928832  1.01476331]
 [-0.50112326 -0.24198133]
 [-0.4440651  -0.81954177]
 [-0.36628273  0.35137601]
 [-0.67297981 -0.13520382]
 [ 0.44762988 -0.33399959]
 [-1.10970563 -0.91984898]
 [-0.2952468  -1.72518342]
 [ 0.27947804 -1.13014602]
 [-0.17001171 -0.89420508]
 [-0.89947112 -0.07925568]
 [-0.35626267  0.04094325]
 [-0.67658679 -0.99785329]
 [-0.88305643  0.19951456]
 [ 0.54527912  0.08021451]
 [-0.58901561 -0.50821315]
 [-0.86719796 -1.12098931]
 [-0.99736616  0.24690816]
 [-0.35579169 -0.51134534]
 [-1.10304721 -0.71708584]
 [-0.68901454 -0.57218207]
 [-0.60027316 -0.66009996]
 [-1.24963478 -1.03578438]
 [-0.16103813 -0.98539054]
 [-1.47448989 -1.17208318]
 [-1.30642145 -0.41608608]
 [-0.37116204 -0.79579787]
 [-0.66517328 -1.02991141]
 [-0.91183433 -0.53465158]
 [-0.76774427 -0.97567656]
 [-0.53232388 -0.62063955]
 [-1.05546663 -0.22338008]
 [-0.46793737 -0.43817408]
 [-0.5434458  -0.84555919]
 [-0.78630597 -0.82837036]
 [-0.70899239 -0.06735582]
 [-0.97720501 -0.84950575]
 [-1.05173458 -0.67438129]
 [-0.89868485 -0.66517172]
 [-0.43511336 -0.44296793]
 [-0.84994959 -0.70624624]
 [-0.91926265 -0.65023293]
 [-1.09185457 -0.66659573]
 [-1.1422867   0.21162983]
 [-0.76430162 -0.46106333]
 [-0.43127615 -1.11135393]
 [-0.36872026 -1.23786672]
 [-0.58830327 -1.38532011]
 [-0.87262355 -0.10336482]
 [-0.89178023 -1.08999459]
 [-0.65193907 -0.41799653]
 [-0.46490218 -0.5880563 ]
 [-0.4528633  -1.35262575]
 [-1.46463504 -0.0355444 ]
 [-0.78673591 -0.58119994]
 [-1.08777031 -0.11076288]
 [-0.92568238 -0.65899155]
 [-0.20394636 -0.71950383]
 [-1.02586659 -1.16435065]
 [-1.32230562 -0.77217914]
 [-0.71363197 -0.73525061]
 [-0.81225381 -1.35052009]
 [-0.90746488 -0.79315023]
 [-0.48386752 -0.72555748]
 [-0.58635746 -1.05371495]
 [-0.64857531 -0.63377527]
 [-0.86212863 -1.23607977]
 [-0.6570205  -0.99901965]
 [-0.86682359 -0.7470245 ]
 [ 0.84823771  0.40897727]
 [ 1.43002458  0.7525725 ]
 [ 0.98550593  1.292017  ]
 [ 0.69582441  1.60213898]
 [ 1.71885233  1.16915197]
 [ 1.53101101  1.12293118]
 [ 1.51476152  1.30988898]
 [ 1.57920652  2.7742926 ]
 [ 1.76294517  1.28295883]
 [ 1.75243573  1.15960061]
 [ 1.21014347  2.08317451]
 [ 0.93595469  1.1266805 ]
 [ 1.12836351  0.63661598]
 [ 1.89236726  1.66804012]
 [ 0.51240611  0.83912049]
 [ 0.87129758  1.19901677]
 [ 1.78214452  1.63227936]
 [ 1.67035992  1.58838294]
 [ 0.91030906  0.03869755]
 [ 1.07388306 -0.44891609]
 [ 1.10278942  0.61816051]
 [ 1.03502873  2.13077678]
 [-0.19317142  1.22020673]
 [ 0.94895546  0.97160123]
 [ 1.36615478  0.96894321]
 [ 2.58000065  1.73633864]
 [ 0.36240135  1.28152553]
 [ 0.83098875  1.37492177]
 [ 0.97266566 -0.27439602]
 [ 0.65720689  0.95728099]
 [ 0.8093286   1.08146174]
 [ 0.10087197  0.5164066 ]
 [ 1.12736561  1.0543807 ]
 [ 0.89729351  0.68203198]
 [ 1.49415139  1.62819925]
 [ 1.22358058  0.70227952]
 [ 1.79489678  1.90762265]
 [ 2.10928745  1.04172323]
 [ 1.26009248  1.64467051]
 [ 0.48964161  2.53756352]
 [ 1.32936585  1.11207856]
 [ 1.98324191  2.02967417]
 [ 1.13696543  0.37987743]
 [ 1.41066444  2.24095889]
 [ 0.64358867  0.29249536]
 [ 2.04608839  1.02710393]
 [ 1.41984711  0.85907835]
 [ 0.95189109  0.3305925 ]
 [ 0.24263447  0.22847626]
 [ 0.80147786  1.48454794]]
Intial means:
[[-0.433871895, -1.721150679], [-1.391116494, 0.905055556], [-0.085368179, -2.169919876]]


Final Means with Covariance Matrices:
Mean 1
[-0.90977865 -1.15900432]
Covariance Matrix
[[ 1.29526143  0.09425688]
 [ 0.09425688  0.98331287]]
Mean 2
[ 4.30415011  3.34448181]
Covariance Matrix
[[ 3.93264202  2.32424515]
 [ 2.32424515  4.98812531]]
Mean 3
[-1.31571783  1.23296349]
Covariance Matrix
[[ 0.80128781 -0.21315653]
 [-0.21315653  1.19859329]]
