Grid-World:

1 1 1 1 1 1 1 1 1 1
1 1 1 1 1 1 1 1 1 1
1 1 0 0 0 0 0 1 1 1
1 1 0 1 1 1 0 1 1 1
1 1 0 1 1 1 0 1 1 1
1 1 0 1 1 1 0 1 1 1
1 1 0 1 1 1 0 1 1 1
1 1 1 1 1 1 1 1 1 1
1 1 1 1 1 1 1 1 1 1
1 1 1 1 1 1 1 1 1 1


Tower Locations:

Tower 1: 0 0
Tower 2: 0 9
Tower 3: 9 0
Tower 4: 9 9


Noisy Distances to Towers 1, 2, 3 and 4 Respectively for 11 Time-Steps:

6.29711934499524 5.89798026180419 5.50487473660225 6.66926691757846
5.55617105284999 7.14846859129049 4.26776888864906 6.80366418635034
7.56526520813249 9.36656419021787 4.32876429991063 5.34864267984477
9.5118768189536 10.0483738149828 3.70044108449547 6.63594042198103
5.99003335814561 10.655826135343 2.7620662779914 5.80249827656104
9.27694058691455 10.2305482684336 2.57766309378204 5.37836394257541
7.96759239165615 13.0940213788512 1.90070680421102 9.43043572304003
6.40043749794988 8.17104806326276 3.90838998574875 8.79060391152427
4.9597335820898 10.3348832630105 3.60516126931873 7.2157907900465
3.77302315182655 9.76524026071066 4.37773108161243 8.82027211111639
3.26328625549544 7.59841629030013 4.3316857153888 8.54160160853063