#######Input Vector##########
[[-1.98793769 -0.74538471 -0.17029177 -0.09803062]
 [-1.42961762 -1.46092472 -1.21433657 -3.45998017]
 [ 1.80783608  0.67599408  0.97147546 -0.18889123]
 [ 3.29772301  2.10358676  2.62706108  3.05998598]
 [-0.75943517  0.79793136  0.83288684  2.22314027]
 [-2.23485798  0.03902535 -0.17455733  0.92476861]
 [ 1.71141252  0.69028557  1.25537412  0.48962121]
 [ 0.01959636 -0.18458676 -0.15380813 -1.51179925]
 [-4.2019328  -2.13935218 -1.60571136 -2.14884214]
 [ 4.72157406  3.12058589  2.75853392  2.91607966]
 [ 2.69293979  1.270206    1.22523812  0.0277424 ]
 [-3.38353061 -1.69356337 -1.42517573 -2.16038433]
 [ 3.39635393  2.45595154  2.32148217  2.70256192]
 [-1.32594826 -0.74166322 -0.06301759 -0.54175005]
 [-0.99746067  0.70941161  0.84752415  2.40192054]
 [ 3.51386292  2.12831706  1.84642452  1.30730312]
 [-1.0583326  -1.05918767 -0.99412821 -2.98911155]
 [-1.79808487 -0.39720441 -0.07846954  0.24394152]
 [ 1.26134577  0.88039868  1.18461391  0.98828058]
 [ 4.93885291  4.38874317  3.43667692  5.32324417]
 [ 0.73533921  1.80395995  1.69169912  3.45201885]
 [-0.81651255  0.76618359  0.626007    1.83471014]
 [ 0.4112564   0.54632534  0.68343185  0.50193246]
 [-0.7896201   0.15673691  0.33551328  0.61738365]
 [ 3.9413336   3.71014544  3.20089484  5.17060159]
 [-0.99077755 -0.15425289  0.69863893  1.23380243]
 [-2.34752614 -0.66514723  0.0951759   0.87273074]
 [ 1.2237241   1.21173532  1.89255516  2.77312156]
 [ 0.87118277  1.29149389  0.61573555  0.65178229]
 [ 2.29789895  2.99394243  2.71835257  5.13274863]
 [ 4.16093716  3.46634803  2.42601516  3.15744131]
 [ 4.54768464  4.2404643   3.31824655  5.32927275]
 [ 2.37273966  2.83461187  1.55257596  2.56702408]
 [ 1.09247697  2.14832045  1.56637661  3.1885967 ]
 [ 3.00420666  2.60184273  2.57138028  3.74039662]
 [-1.40931793 -1.28703327 -0.65693607 -2.1915874 ]
 [-1.21031979  0.51861676  0.03963256  0.80820167]
 [-2.50204452 -1.71683292 -1.27916546 -2.7731194 ]
 [ 2.98457486  2.23021109  1.4308265   1.10728923]
 [ 2.08812577  1.0330417   1.05723363  0.05938334]
 [ 1.21041341  0.36010081  0.9402102   0.03010778]
 [-0.08031812 -0.70317448 -0.47049667 -2.56384972]
 [ 2.39689924  1.03861695  1.41119412  0.46410603]
 [ 0.18525014 -0.50771664 -0.27324556 -2.23945786]
 [ 0.32125453  0.00562737 -0.02615018 -1.36792753]
 [-3.06510561 -1.28140089 -0.97503882 -1.16637299]
 [-1.11339861 -0.11786267 -0.00894353 -0.02235124]
 [ 1.85310391  0.6562346   0.78846611 -0.61993709]
 [ 0.31367948  0.39450558  0.53302795  0.14688199]
 [-0.90042099 -0.49894952  0.0092078  -0.58011281]
 [ 2.16706964  1.13149484  1.85822212  1.68086935]
 [-0.65906586  0.19402923  0.09495835  0.04301196]
 [-0.44478604  0.29948716  0.1033373  -0.04905216]
 [ 1.43630686  1.14138536  1.72610374  2.15728584]
 [ 2.26829453  1.88899105  2.12329724  2.86729105]
 [-2.0027185   0.05720017 -0.19478463  0.67034933]
 [-0.36086478 -0.69333252  0.55621499 -0.22003772]
 [-2.52589224 -1.90857413 -0.58109634 -1.54487456]
 [ 0.36441545  0.04306776  0.00874119 -1.30386537]
 [ 2.02055483  1.54280908  1.61708386  1.75642181]
 [ 1.61454963  1.19262642  0.56012827 -0.30166662]
 [ 2.57647143  1.88547427  2.25047124  2.80994528]
 [ 3.65594277  2.76871597  2.90177775  3.91632861]
 [ 3.77587727  2.03870216  1.66975939  0.60234373]
 [ 3.45764505  2.23272626  1.77625287  1.32758689]
 [ 4.81701301  4.10549619  3.23191843  4.75232011]
 [ 4.48256098  2.32895504  1.94745282  0.74129971]
 [ 3.194422    2.05844501  2.00261392  1.86925073]
 [ 1.49682805  0.5207682   1.11521714  0.25437457]
 [ 0.3836045  -0.40108784 -0.26188861 -2.30846953]
 [ 1.11308037  0.53179367  0.70984946 -0.16158774]
 [ 2.82530376  1.83950126  1.438163    0.8905234 ]
 [-1.56991438 -0.86720069 -1.05025379 -2.39779398]
 [ 1.51133166  1.09460242  1.81107171  2.2054142 ]
 [ 1.32776657  1.6916207   1.0453111   1.45447636]
 [ 2.70282459  0.98318616  1.24486497 -0.22990842]
 [ 0.14581204  1.6708127   1.10463692  2.73427451]
 [ 0.26458484  1.63714853  0.64342471  1.65941308]
 [ 0.8373412   0.42166378  1.32506156  1.23444576]
 [ 1.1101889   1.04189972  0.94725445  0.82621991]
 [ 1.17229768  2.402052    1.2977327   2.82521976]
 [ 1.70419154  0.43045863  0.79398969 -0.68575351]
 [-1.51769806 -1.10183257 -0.77137263 -2.12687979]
 [-2.44275045 -0.32047437 -0.31102055  0.50023505]
 [ 1.2077581   2.05439831  1.01264625  1.87193265]
 [ 1.43535033  1.84669518  1.46530186  2.34194858]
 [ 5.11574563  2.89368682  2.88330725  2.54455574]
 [-1.35317178 -1.36122378 -0.61222933 -2.23251056]
 [ 3.72425173  3.64258732  2.81290385  4.54414339]
 [ 0.66816841  1.47185816  1.40572441  2.61513872]
 [ 0.65088007  1.27507978  0.45479584  0.53379151]
 [ 2.28497869  1.1493746   0.95225893 -0.23108637]
 [ 1.15010803  1.0811195   0.87578301  0.68257733]
 [ 1.63139748  0.98979728  1.34397341  1.04634653]
 [ 0.64509059  1.01188119  1.46733562  2.30146171]
 [-1.17644764 -0.43222134 -0.68712125 -1.63001626]
 [-1.64197926 -1.99640248 -1.237335   -3.82909328]
 [ 1.89078924  2.82108915  2.16330758  4.25691509]
 [ 1.81644845  0.05129638  0.80336689 -1.15841824]
 [ 3.54998993  2.31221808  1.8488006   1.45982932]]
#####Covariance matrix #######
[[ 4.44791479  2.74483743  2.2486726   2.79426785]
 [ 2.74483743  2.17666469  1.64106293  2.71395314]
 [ 2.2486726   1.64106293  1.39917388  2.1907381 ]
 [ 2.79426785  2.71395314  2.1907381   4.30116149]]
##########Eigenvectors####### 
[[ 0.5871257   0.70346768 -0.37796447  0.13251222]
 [ 0.44447908 -0.01493583  0.37796448 -0.8120087 ]
 [ 0.35827357  0.00392202  0.75592894  0.54790154]
 [ 0.57390052 -0.71055947 -0.37796447  0.15128216]]
##########
Eigenvalues########## 
[  1.06293757e+01   1.57973675e+00   6.26920820e-18   1.15802423e-01]
########Eigenvalues in descending order:##########
10.6293756788
1.57973674988
0.115802422687
6.26920820271e-18
######Matrix of top 2 eigen vectors#######
[[ 0.5871257   0.70346768]
 [ 0.44447908 -0.01493583]
 [ 0.35827357  0.00392202]
 [ 0.57390052 -0.71055947]]
########Final Dimensionally reduced vector
[[ -1.61574808e+00  -1.31832829e+00]
 [ -3.90946485e+00   1.46988934e+00]
 [  1.60154146e+00   1.39968632e+00]
 [  5.56851234e+00   1.24424139e-01]
 [  1.48304259e+00  -2.12256263e+00]
 [ -8.26610692e-01  -2.23052095e+00]
 [  2.04239300e+00   8.50632032e-01]
 [ -9.93267197e-01   1.09016240e+00]
 [ -5.22646560e+00  -1.40338844e+00]
 [  6.82104205e+00   1.21363724e+00]
 [  2.60056597e+00   1.86051732e+00]
 [ -4.48975975e+00  -8.25417697e-01]
 [  5.46843316e+00   4.41317501e-01]
 [ -1.44164026e+00  -5.36985928e-01]
 [  1.41179278e+00  -2.41566037e+00]
 [  4.42085868e+00   1.51842594e+00]
 [ -3.16378357e+00   1.39135958e+00]
 [ -1.12036629e+00  -1.43260474e+00]
 [  2.12347791e+00   1.76580463e-01]
 [  9.13671511e+00  -3.60228923e-01]
 [  3.82076551e+00  -1.95588606e+00]
 [  1.13837995e+00  -1.88704922e+00]
 [  1.01720426e+00  -7.28266613e-02]
 [  8.05823628e-02  -9.95185121e-01]
 [  8.07734725e+00  -9.44279217e-01]
 [  3.08110581e-01  -1.56862601e+00]
 [ -1.13897732e+00  -2.26122805e+00]
 [  3.52661928e+00  -1.12029305e+00]
 [  1.68019578e+00   1.32844243e-01]
 [  6.59950130e+00  -2.06468106e+00]
 [  6.66494665e+00   6.41277117e-01]
 [  8.80217265e+00  -6.37936649e-01]
 [  4.68248550e+00  -1.91125633e-01]
 [  3.98743345e+00  -1.52310892e+00]
 [  5.98818477e+00  -5.73187606e-01]
 [ -2.89262212e+00   5.82489951e-01]
 [ -2.06889895e-03  -1.43328674e+00]
 [ -4.28189680e+00   2.30984195e-01]
 [  3.89170396e+00   1.28505880e+00]
 [  2.09801673e+00   1.41545076e+00]
 [  1.22485343e+00   8.28402475e-01]
 [ -1.99966439e+00   1.77392368e+00]
 [  2.64086890e+00   1.34638835e+00]
 [ -1.50002700e+00   1.72809696e+00]
 [ -6.03305207e-01   1.19779943e+00]
 [ -3.38787087e+00  -1.31211071e+00]
 [ -7.22124045e-01  -7.65632754e-01]
 [  1.30639183e+00   1.73739186e+00]
 [  6.34784239e-01   1.12493272e-01]
 [ -1.08006106e+00  -2.13724085e-01]
 [  3.40567174e+00   3.20494000e-01]
 [ -2.42006921e-01  -4.96719651e-01]
 [ -1.19157579e-01  -2.82105926e-01]
 [  3.20709940e+00  -5.32762143e-01]
 [  4.57765213e+00  -4.61594930e-01]
 [ -8.35495580e-01  -1.88678909e+00]
 [ -4.47047416e-01  -8.49698445e-02]
 [ -3.42613330e+00  -6.52931249e-01]
 [ -5.12056887e-01   1.18221941e+00]
 [  3.45943583e+00   1.56651983e-01]
 [  1.50559360e+00   1.33451953e+00]
 [  4.76967989e+00  -2.03503563e-01]
 [  6.66434759e+00  -2.40919018e-01]
 [  4.06699108e+00   2.20430572e+00]
 [  4.42075965e+00   1.46263101e+00]
 [  8.53826926e+00  -3.68364024e-02]
 [  4.79015171e+00   2.59945233e+00]
 [  4.58071061e+00   8.96068556e-01]
 [  1.65583532e+00   8.68817701e-01]
 [ -1.37171072e+00   1.91512169e+00]
 [  1.05147427e+00   8.92675033e-01]
 [  3.50275591e+00   1.33290608e+00]
 [ -3.05956304e+00   6.08224428e-01]
 [  3.28841702e+00  -5.13150695e-01]
 [  2.74068797e+00  -1.20617097e-01]
 [  2.33796111e+00   2.05491104e+00]
 [  2.79321507e+00  -1.86091315e+00]
 [  2.06588293e+00  -1.01491344e+00]
 [  1.86222887e+00  -2.89205625e-01]
 [  1.92846733e+00   1.82057151e-01]
 [  3.84228638e+00  -1.21360002e+00]
 [  1.08281573e+00   1.68279711e+00]
 [ -2.87780091e+00   4.57054476e-01]
 [ -1.40099101e+00  -2.07027603e+00]
 [  3.05935040e+00  -5.07213196e-01]
 [  3.53257288e+00  -6.76206139e-01]
 [  6.78310364e+00   1.75879234e+00]
 [ -2.90010199e+00   6.52348728e-01]
 [  7.42133313e+00  -6.52366159e-01]
 [  3.05097238e+00  -1.40464683e+00]
 [  1.41817926e+00   6.13218343e-02]
 [  2.06099129e+00   1.75817719e+00]
 [  1.86129438e+00   3.11339475e-01]
 [  2.47978854e+00   3.94631618e-01]
 [  2.67502694e+00  -1.19088339e+00]
 [ -2.06448055e+00   3.34391266e-01]
 [ -4.49223042e+00   1.59068421e+00]
 [  5.58214779e+00  -1.72833296e+00]
 [  7.12292024e-01   2.10332250e+00]
 [  4.61219609e+00   1.43272379e+00]]
[Finished in 1.8s]