Distance matrix
[[  0.           3.63544401   4.21190031 ...,   7.22326079   4.14493519
    6.82064798]
 [  3.63544401   0.           5.5249729  ...,  10.01597209   4.71084622
    8.52176231]
 [  4.21190031   5.5249729    0.         ...,   5.07877659   1.16557476
    3.03320093]
 ..., 
 [  7.22326079  10.01597209   5.07877659 ...,   0.           6.23318156
    3.30673557]
 [  4.14493519   4.71084622   1.16557476 ...,   6.23318156   0.
    4.00812737]
 [  6.82064798   8.52176231   3.03320093 ...,   3.30673557   4.00812737
    0.        ]]
Mapping
K = 2
Reduce Dimensions
[[  2.50606735   2.50606735]
 [  1.52529367   1.52529367]
 [  4.87332668   4.87332668]
 [  7.50717369   7.50717369]
 [  4.61460068   4.61460068]
 [  3.03742972   3.03742972]
 [  5.13804541   5.13804541]
 [  3.15357791   3.15357791]
 [  0.           0.        ]
 [  8.30370947   8.30370947]
 [  5.54632086   5.54632086]
 [  0.59615772   0.59615772]
 [  7.4586958    7.4586958 ]
 [  2.67536608   2.67536608]
 [  4.5540982    4.5540982 ]
 [  6.73619475   6.73619475]
 [  1.89563495   1.89563495]
 [  2.8441582    2.8441582 ]
 [  5.16432273   5.16432273]
 [ 10.          10.        ]
 [  6.21722999   8.79249097]
 [  4.38907427   6.20708835]
 [  4.394179     6.21430754]
 [  3.69497428   5.22548274]
 [  9.19139686  12.9985981 ]
 [  3.82754919   5.41297197]
 [  2.82331647   3.99277245]
 [  6.06121189   8.57184805]
 [  4.86575722   6.88121985]
 [  8.04389509  11.37578554]
 [  8.26207637  11.68434045]
 [  9.72700708  13.75606533]
 [  6.91653157   9.78145275]
 [  6.36733488   9.00477134]
 [  7.79702846  11.02666339]
 [  1.87478652   2.65134852]
 [  3.62406818   5.12520637]
 [  0.99210164   1.40304359]
 [  6.39353075   9.0418179 ]
 [  5.20306226   7.35824122]
 [  4.58864803   6.48932827]
 [  2.63548905   3.72714436]
 [  5.55657794   7.85818789]
 [  2.92618853   4.1382555 ]
 [  3.41802      4.83381024]
 [  1.27840315   1.80793508]
 [  3.15340025   4.4595814 ]
 [  4.70076235   6.64788187]
 [  4.14440183   5.86106928]
 [  2.9493186    4.17096637]
 [  6.03885147   8.54022565]
 [  3.5033885    4.95453953]
 [  3.60358761   5.09624247]
 [  5.87370738   8.30667663]
 [  6.82587086   9.65323915]
 [  3.0344688    4.29138693]
 [  3.39725022   4.80443734]
 [  1.34461732   1.90157605]
 [  3.47516194   4.91462114]
 [  6.08073696   8.59946068]
 [  4.81281873   6.80635353]
 [  6.96358841   9.84800117]
 [  8.26307055  11.68574643]
 [  6.48864947   9.17633608]
 [  6.73895489   9.5303214 ]
 [  9.56633152  13.52883577]
 [  6.91901392   9.78496332]
 [  6.85218511   9.69045312]
 [  4.87952459   6.90068985]
 [  3.03323551   4.2896428 ]
 [  4.47861998   6.33372511]
 [  6.13409739   8.67492372]
 [  1.78849994   2.52932087]
 [  5.92828967   8.38386765]
 [  5.58169875   7.89371407]
 [  5.37946227   7.6077085 ]
 [  5.52726743   7.81673656]
 [  5.07513359   7.17732275]
 [  4.95826264   7.01204228]
 [  5.03403079   7.11919462]
 [  6.28878525   8.89368539]
 [  4.55126998   6.43646774]
 [  1.85915023   2.62923547]
 [  2.64265181   3.73727402]
 [  5.78577369   8.18231962]
 [  6.10281838   8.63068852]
 [  8.19897779  11.59510558]
 [  1.88532018   2.66624537]
 [  8.79510725  12.43815996]
 [  5.72793523   8.10052368]
 [  4.68401575   6.6241986 ]
 [  5.19377596   7.34510841]
 [  4.99528237   7.06439607]
 [  5.41653174   7.66013265]
 [  5.47585672   7.74403084]
 [  2.36359769   3.34263191]
 [  1.29044864   1.82496998]
 [  7.43235613  10.51093885]
 [  4.34390916   6.14321524]
 [  6.86542583   9.70917832]]
[Finished in 1.7s]