Input Matrix
[[  1.          16.83413438   2.25005563]
 [  1.          16.16018143   2.52837564]
 [  1.          14.80749844   2.2651013 ]
 [  1.          14.33371275   1.29106839]
 [  1.          13.23638125   1.00369145]
 [  1.          15.96362121   2.39582104]
 [  1.          15.0271781    2.26970918]
 [  1.          13.79970165   1.241663  ]
 [  1.          14.7087742    1.15562141]
 [  1.          13.67476111   1.34204643]
 [  1.          16.00677836   2.35912361]
 [  1.          14.47340337   2.34436439]
 [  1.          16.76727118   1.8413657 ]
 [  1.          13.06869016   1.84365927]
 [  1.          16.31622364   1.27203654]
 [  1.          15.5063639    2.09826712]
 [  1.          15.15498606   2.29251589]
 [  1.          15.60203054   1.58317811]
 [  1.          15.90651813   1.59243122]
 [  1.          13.37795426   1.63132482]
 [  1.          16.51029574   1.25807837]
 [  1.          13.05744858   2.05075064]
 [  1.          14.17721051   2.50732905]
 [  1.          13.71965951   2.5170518 ]
 [  1.          16.70517707   2.19439389]
 [  1.          13.27272175   1.22102301]
 [  1.          15.32437291   2.07927568]
 [  1.          15.54860489   0.96366133]
 [  1.          15.60507706   0.94700167]
 [  1.          16.45848805   1.08180571]
 [  1.          13.22381012   0.9914642 ]
 [  1.          16.2674207    1.87008723]
 [  1.          15.11568987   0.84672338]
 [  1.          15.77740224   2.34465244]
 [  1.          13.84961959   2.14580595]
 [  1.          15.17311978   2.55171608]
 [  1.          15.81008109   1.6852772 ]
 [  1.          16.82573823   2.0097658 ]
 [  1.          14.77816865   2.48024696]
 [  1.          13.34159132   1.77705115]
 [  1.          13.22936059   1.26441033]
 [  1.          15.51780194   2.65191504]
 [  1.          16.18471627   0.77285103]
 [  1.          15.76476533   1.35248915]
 [  1.          14.38123145   2.64602725]
 [  1.          16.78726667   1.43006525]
 [  1.          15.08076127   1.31829924]
 [  1.          16.8152521    0.94182477]
 [  1.          13.29438254   2.53153141]
 [  1.          13.82812779   0.97095641]]
Final weight vector
[[-1.50767563]
 [ 2.20658575]
 [ 4.52402743]]
[Finished in 1.1s]