this is final theta vector
[-0.01168987 -1.4068922  -1.26521     3.24464594]
this is cost at each iteration
[[   0.            0.78007056]
 [   1.            0.7487228 ]
 [   2.            0.71964103]
 [   3.            0.69284811]
 [   4.            0.66833169]
 [   5.            0.6460418 ]
 [   6.            0.62589137]
 [   7.            0.60775971]
 [   8.            0.59149883]
 [   9.            0.5769417 ]
 [  10.            0.5639114 ]
 [  11.            0.55222997]
 [  12.            0.54172604]
 [  13.            0.53224057]
 [  14.            0.52363049]
 [  15.            0.51577044]
 [  16.            0.50855291]
 [  17.            0.50188724]
 [  18.            0.49569794]
 [  19.            0.4899227 ]
 [  20.            0.48451033]
 [  21.            0.47941882]
 [  22.            0.4746136 ]
 [  23.            0.47006611]
 [  24.            0.46575256]
 [  25.            0.46165292]
 [  26.            0.45775018]
 [  27.            0.45402972]
 [  28.            0.4504788 ]
 [  29.            0.44708621]
 [  30.            0.443842  ]
 [  31.            0.44073722]
 [  32.            0.43776378]
 [  33.            0.43491428]
 [  34.            0.43218196]
 [  35.            0.42956056]
 [  36.            0.42704428]
 [  37.            0.42462775]
 [  38.            0.42230593]
 [  39.            0.42007413]
 [  40.            0.41792793]
 [  41.            0.41586321]
 [  42.            0.41387608]
 [  43.            0.41196289]
 [  44.            0.41012017]
 [  45.            0.40834468]
 [  46.            0.40663335]
 [  47.            0.40498328]
 [  48.            0.40339172]
 [  49.            0.40185608]
 [  50.            0.4003739 ]
 [  51.            0.39894286]
 [  52.            0.39756075]
 [  53.            0.39622547]
 [  54.            0.39493505]
 [  55.            0.3936876 ]
 [  56.            0.39248134]
 [  57.            0.39131456]
 [  58.            0.39018565]
 [  59.            0.38909308]
 [  60.            0.38803538]
 [  61.            0.38701117]
 [  62.            0.38601913]
 [  63.            0.38505799]
 [  64.            0.38412656]
 [  65.            0.38322369]
 [  66.            0.38234829]
 [  67.            0.38149932]
 [  68.            0.38067578]
 [  69.            0.37987673]
 [  70.            0.37910127]
 [  71.            0.37834852]
 [  72.            0.37761766]
 [  73.            0.37690791]
 [  74.            0.3762185 ]
 [  75.            0.37554871]
 [  76.            0.37489786]
 [  77.            0.37426527]
 [  78.            0.37365031]
 [  79.            0.37305238]
 [  80.            0.37247088]
 [  81.            0.37190528]
 [  82.            0.37135502]
 [  83.            0.37081959]
 [  84.            0.37029851]
 [  85.            0.3697913 ]
 [  86.            0.36929749]
 [  87.            0.36881667]
 [  88.            0.3683484 ]
 [  89.            0.36789229]
 [  90.            0.36744795]
 [  91.            0.367015  ]
 [  92.            0.36659309]
 [  93.            0.36618188]
 [  94.            0.36578102]
 [  95.            0.36539021]
 [  96.            0.36500913]
 [  97.            0.36463749]
 [  98.            0.36427501]
 [  99.            0.3639214 ]
 [ 100.            0.36357641]
 [ 101.            0.36323977]
 [ 102.            0.36291125]
 [ 103.            0.36259061]
 [ 104.            0.36227761]
 [ 105.            0.36197203]
 [ 106.            0.36167367]
 [ 107.            0.36138231]
 [ 108.            0.36109776]
 [ 109.            0.36081982]
 [ 110.            0.36054831]
 [ 111.            0.36028305]
 [ 112.            0.36002386]
 [ 113.            0.35977058]
 [ 114.            0.35952305]
 [ 115.            0.35928111]
 [ 116.            0.35904461]
 [ 117.            0.35881339]
 [ 118.            0.35858733]
 [ 119.            0.35836627]
 [ 120.            0.3581501 ]
 [ 121.            0.35793867]
 [ 122.            0.35773187]
 [ 123.            0.35752957]
 [ 124.            0.35733166]
 [ 125.            0.35713803]
 [ 126.            0.35694855]
 [ 127.            0.35676314]
 [ 128.            0.35658167]
 [ 129.            0.35640406]
 [ 130.            0.35623021]
 [ 131.            0.35606002]
 [ 132.            0.3558934 ]
 [ 133.            0.35573026]
 [ 134.            0.35557052]
 [ 135.            0.35541408]
 [ 136.            0.35526088]
 [ 137.            0.35511083]
 [ 138.            0.35496386]
 [ 139.            0.35481989]
 [ 140.            0.35467885]
 [ 141.            0.35454067]
 [ 142.            0.35440527]
 [ 143.            0.35427261]
 [ 144.            0.3541426 ]
 [ 145.            0.35401519]
 [ 146.            0.35389032]
 [ 147.            0.35376792]
 [ 148.            0.35364795]
 [ 149.            0.35353034]
 [ 150.            0.35341504]
 [ 151.            0.35330199]
 [ 152.            0.35319116]
 [ 153.            0.35308247]
 [ 154.            0.3529759 ]
 [ 155.            0.35287138]
 [ 156.            0.35276888]
 [ 157.            0.35266834]
 [ 158.            0.35256973]]
Equation of hyperplane -1.40689219662x + -1.26520999809y +3.24464594241z +-0.0116898725501 = 0
44  Points are classified
[Finished in 1.1s]